24 0.32552083 0.52968750 0.02708333 0.05416667
35 0.15052083 0.75000000 0.03229167 0.06458333
45 0.44010417 0.40260417 0.03177083 0.06354167
22 0.05963542 0.96302083 0.01822917 0.03645833
42 0.28476563 0.63880208 0.03203125 0.06406250
3 0.45364583 0.61562500 0.02968750 0.05937500
43 0.10729167 0.38697917 0.01510417 0.03020833
7 0.62851563 0.07786458 0.01484375 0.02968750
36 0.65664062 0.33203125 0.02734375 0.05468750
47 0.17669271 0.96796875 0.02161458 0.04322917
7 0.38307292 0.77916667 0.02604167 0.05208333
23 0.15130208 0.58020833 0.03385417 0.06770833
43 0.25247396 0.38880208 0.03828125 0.07656250
36 0.36184896 0.25078125 0.02578125 0.05156250
29 0.15468750 0.04375000 0.02031250 0.04062500
