47 0.96471354 0.80182292 0.03151042 0.06302083
30 0.20429687 0.67630208 0.03671875 0.07343750
3 0.43997396 0.53984375 0.03203125 0.06406250
37 0.18177083 0.11927083 0.02864583 0.05729167
43 0.07057292 0.20729167 0.01562500 0.03125000
33 0.54270833 0.85885417 0.01718750 0.03437500
22 0.90611979 0.92838542 0.01588542 0.03177083
1 0.59153646 0.09661458 0.02630208 0.05260417
35 0.54218750 0.46145833 0.02083333 0.04166667
45 0.07955729 0.43828125 0.03255208 0.06510417
10 0.33515625 0.75989583 0.03645833 0.07291667
