0 0.19765625 0.60156250 0.01614583 0.03229167
22 0.61549479 0.43307292 0.02057292 0.04114583
35 0.50898438 0.57994792 0.01796875 0.03593750
0 0.17382813 0.43203125 0.03671875 0.07343750
18 0.13528646 0.73776042 0.02578125 0.05156250
47 0.98984375 0.76510417 0.01770833 0.03541667
32 0.72421875 0.06093750 0.02187500 0.04375000
9 0.80156250 0.24010417 0.01770833 0.03541667
47 0.26041667 0.49531250 0.02708333 0.05416667
3 0.24375000 0.31562500 0.02604167 0.05208333
18 0.83138021 0.19609375 0.03619792 0.07239583
10 0.07044271 0.63723958 0.03567708 0.07135417
