5 0.82890625 0.25052083 0.08437500 0.16875000
25 0.90807292 0.73489583 0.09270833 0.18541667
36 0.71927083 0.15885417 0.07760417 0.15520833
22 0.44440104 0.12942708 0.06328125 0.12656250
32 0.79218750 0.66041667 0.10989583 0.21979167
12 0.60299479 0.89036458 0.02369792 0.04739583
21 0.34882812 0.44921875 0.05182292 0.10364583
26 0.14557292 0.08229167 0.04166667 0.08333333
22 0.20481771 0.04036458 0.02578125 0.05156250
3 0.49843750 0.32239583 0.03854167 0.07708333
30 0.56132812 0.50442708 0.02890625 0.05781250
10 0.26497396 0.56432292 0.05234375 0.10468750
2 0.71549479 0.16588542 0.09401042 0.18802083
35 0.76276042 0.87239583 0.11458333 0.22916667
