46 0.68138021 0.20859375 0.02526042 0.05052083
4 0.42864583 0.37500000 0.02864583 0.05729167
43 0.49010417 0.65781250 0.03697917 0.07395833
43 0.24466146 0.70807292 0.02994792 0.05989583
3 0.59726563 0.60911458 0.02213542 0.04427083
31 0.20494792 0.23958333 0.02187500 0.04375000
39 0.45143229 0.83828125 0.03880208 0.07760417
21 0.19843750 0.61979167 0.03437500 0.06875000
28 0.43398437 0.17942708 0.02369792 0.04739583
3 0.75846354 0.61119792 0.01432292 0.02864583
24 0.87096354 0.64036458 0.02786458 0.05572917
